# Fix print output for fix def1
0.099 960.593349005066 -6941.07910826771 254.168693629047 -6686.91041463866 
0.199 1257.20872287235 -6945.73344038506 332.651791772737 -6613.08164861232 
0.299 1360.28174473329 -6887.28715168491 359.924451261716 -6527.3627004232 
0.399 1563.892619698 -6847.96088938753 413.798975952156 -6434.16191343537 
0.499 1714.14847042551 -6794.07614003521 453.55600042988 -6340.52013960533 
0.599 1879.8864971496 -6752.1515775988 497.40953926684 -6254.74203833196 
0.699 2021.15554128453 -6726.004652144 534.788695009682 -6191.21595713432 
0.799 2033.25948651438 -6707.86722796442 537.991344653273 -6169.87588331115 
0.899 1994.86862938044 -6723.7386111393 527.833295968949 -6195.90531517035 
0.999 1882.80356638567 -6737.98846269902 498.181382708942 -6239.80707999008 
1.099 1845.61554227161 -6755.77341349266 488.341598249152 -6267.43181524351 
1.199 1845.86078243109 -6755.22472466498 488.406487695894 -6266.81823696909 
1.299 1850.58816102038 -6734.08095786143 489.657330876909 -6244.42362698452 
1.399 1906.81943958836 -6728.76040167402 504.535875090771 -6224.22452658325 
1.499 1919.31134303443 -6736.74225220223 507.841176739086 -6228.90107546314 
1.599 1880.27242191753 -6752.91639808481 497.51165323026 -6255.40474485455 
1.699 1870.70168021263 -6779.93011340679 494.979277882551 -6284.95083552423 
1.799 1768.19422499794 -6769.89209110355 467.856264792629 -6302.03582631092 
1.899 1730.90626194932 -6751.50806596776 457.990036938801 -6293.51802902896 
1.999 1861.20987542853 -6755.08963595327 492.467788890192 -6262.62184706308 
2.099 1915.40271095185 -6757.88409698208 506.806970213158 -6251.07712676892 
2.199 1838.99339092113 -6753.05422597266 486.589406690145 -6266.46481928251 
2.299 1819.28466707488 -6778.12166312377 481.374566718284 -6296.74709640549 
2.399 1752.96798305683 -6788.05131053097 463.827469437071 -6324.2238410939 
2.499 1744.09942875191 -6784.41063569169 461.480889727359 -6322.92974596434 
2.599 1816.89341078487 -6781.69372537808 480.741851024392 -6300.95187435369 
2.699 1817.1339247926 -6769.56025577112 480.805489952568 -6288.75476581856 
2.799 1792.09230463817 -6773.1508794581 474.179589525921 -6298.97128993218 
2.899 1745.69971268075 -6782.86011706518 461.90431768056 -6320.95579938462 
2.999 1757.73438686995 -6804.1111047484 465.08863851735 -6339.02246623105 
3.099 1735.38097235134 -6803.37970792682 459.174025250221 -6344.2056826766 
3.199 1750.59323020413 -6799.26144648388 463.199120478703 -6336.06232600518 
3.299 1719.97770582012 -6786.23929761076 455.098389981754 -6331.140907629 
3.399 1731.84112655148 -6791.88099536569 458.237397921361 -6333.64359744433 
3.499 1698.47064216674 -6793.41704940997 449.407717359213 -6344.00933205076 
3.599 1690.89091295639 -6804.10745211489 447.402154991483 -6356.70529712341 
3.699 1650.32297120386 -6804.12625472735 436.668059477351 -6367.45819525 
3.799 1670.06852384261 -6812.88841982919 441.892644182601 -6370.99577564658 
3.899 1641.15710996342 -6802.54960126411 434.242813685382 -6368.30678757872 
3.999 1703.04653373225 -6811.41448935947 450.61847775288 -6360.79601160659 
4.099 1691.62664400647 -6812.67405833966 447.596826128917 -6365.07723221075 
4.199 1660.29312812173 -6819.20004243963 439.306118299764 -6379.89392413987 
4.299 1630.35314372318 -6827.31648285008 431.384132654396 -6395.93235019568 
4.399 1585.22994156793 -6818.40020212852 419.444735659779 -6398.95546646874 
4.499 1638.20445710812 -6825.11618838523 433.461554977159 -6391.65463340807 
4.599 1602.23017802317 -6812.08809734839 423.942922010631 -6388.14517533776 
4.699 1593.00229613711 -6810.64392998079 421.501265833879 -6389.14266414691 
4.799 1655.88491801787 -6840.11409343188 438.139725669102 -6401.97436776278 
4.899 1568.58549105473 -6834.85683262728 415.040688674137 -6419.81614395314 
4.999 1565.39424930817 -6837.44664289937 414.196300414923 -6423.25034248445 
5.099 1563.64668297779 -6837.63570126024 413.733902198569 -6423.90179906167 
5.199 1556.9773224202 -6836.95404295675 411.969219295009 -6424.98482366174 
5.299 1568.74315608396 -6840.78240710549 415.08240613403 -6425.70000097146 
5.399 1518.39256649967 -6839.03934580624 401.759865861035 -6437.27947994521 
5.499 1513.4479671533 -6849.49967516882 400.45154704154 -6449.04812812728 
5.599 1546.31371728546 -6864.70650498157 409.147677183269 -6455.5588277983 
5.699 1523.8927485611 -6859.8144425744 403.215189376155 -6456.59925319824 
5.799 1532.57281885181 -6842.5126390369 405.511897060717 -6437.00074197618 
5.899 1535.31013306494 -6838.77323600472 406.236178129623 -6432.53705787509 
5.999 1536.12561145977 -6853.43499930923 406.451950056957 -6446.98304925228 
6.099 1506.86068917692 -6858.79278769133 398.708582820973 -6460.08420487036 
6.199 1461.61165607601 -6857.61669514884 386.735891522259 -6470.88080362658 
6.299 1474.56559928049 -6868.53037973248 390.163446819241 -6478.36693291324 
6.399 1440.4764692609 -6868.80693644711 381.143615843934 -6487.66332060318 
6.499 1433.32193289178 -6872.38611172681 379.250557595776 -6493.13555413104 
6.599 1410.76070622179 -6876.18842576061 373.280958165049 -6502.90746759556 
6.699 1399.2311648704 -6880.02175144932 370.230293212538 -6509.79145823678 
6.799 1441.94602657581 -6886.69277451064 381.532454121163 -6505.16032038948 
6.899 1415.45731342169 -6867.99417809909 374.523659374383 -6493.4705187247 
6.999 1392.52469316631 -6859.95991909531 368.455790865988 -6491.50412822932 
7.099 1414.37565924657 -6883.39459536818 374.237458528902 -6509.15713683927 
7.199 1378.56622873358 -6881.31795993124 364.762443755467 -6516.55551617578 
7.299 1385.66737829258 -6885.05958850238 366.641376093012 -6518.41821240936 
7.399 1386.10741005847 -6888.44155320331 366.757806525522 -6521.68374667779 
7.499 1323.64905238657 -6888.38600347935 350.231605097908 -6538.15439838144 
7.599 1353.56769997888 -6898.6964001047 358.147945120002 -6540.5484549847 
7.699 1367.66644698774 -6901.84459476781 361.878410371255 -6539.96618439656 
7.799 1365.55191743281 -6906.94368129043 361.31891533085 -6545.62476595958 
7.899 1287.41296831759 -6902.61224248455 340.643699706325 -6561.96854277823 
7.999 1331.02527422401 -6914.17345514475 352.183320327128 -6561.99013481762 
8.099 1315.10596111591 -6902.47440305495 347.971141447952 -6554.503261607 
8.199 1334.26367872102 -6906.56872319219 353.040187638672 -6553.52853555352 
8.299 1276.55099168527 -6910.27324872585 337.769669385665 -6572.50357934019 
8.399 1279.7200918666 -6920.104473417 338.608199085983 -6581.49627433102 
8.499 1260.27899614593 -6911.0612697876 333.464172316323 -6577.59709747127 
8.599 1300.04896864948 -6914.4501902547 343.987128744618 -6570.46306151009 
8.699 1272.87848358873 -6911.80641172621 336.797940207854 -6575.00847151836 
8.799 1272.39279874981 -6928.19765091556 336.66943017689 -6591.52822073867 
8.899 1253.53552651451 -6930.2307520634 331.679880484069 -6598.55087157934 
8.999 1218.67451015059 -6921.42868807006 322.455811842563 -6598.9728762275 
9.099 1266.32165354066 -6930.65158956475 335.063032372615 -6595.58855719214 
9.199 1241.63171765111 -6932.87769348687 328.530186025791 -6604.34750746108 
9.299 1191.29340560811 -6933.22900436842 315.210894335179 -6618.01811003324 
9.399 1168.74745286452 -6930.57507394188 309.245336316902 -6621.32973762498 
9.499 1214.48476553151 -6939.61552963102 321.347224199755 -6618.26830543127 
9.599 1168.7759035796 -6934.16526664073 309.252864248563 -6624.91240239217 
9.699 1179.36806336966 -6951.01215943205 312.055502242402 -6638.95665718965 
9.799 1158.40609837287 -6948.15250201372 306.509060280618 -6641.6434417331 
9.899 1166.64686413497 -6946.77616673785 308.689529956391 -6638.08663678146 
9.999 1180.75173234396 -6945.4634248003 312.421614849756 -6633.04180995054 
10.099 1172.73228543842 -6946.12264446458 310.299705151215 -6635.82293931336 
10.199 1122.30257397228 -6947.81278146751 296.956229582999 -6650.85655188451 
10.299 1098.83781907382 -6950.65100071411 290.747560633706 -6659.90344008041 
10.399 1135.38001987181 -6963.91893828324 300.416463139406 -6663.50247514383 
10.499 1095.74428400873 -6960.52115870415 289.929025124372 -6670.59213357978 
10.599 1107.59056048934 -6966.91320460656 293.063496772093 -6673.84970783447 
10.699 1057.62696105567 -6963.33611673573 279.843352358002 -6683.49276437773 
10.799 1069.31733849948 -6971.85294234375 282.936573819511 -6688.91636852424 
10.899 1054.44099382592 -6969.37869068784 279.000359712292 -6690.37833097554 
10.999 1084.84240924978 -6973.60091832858 287.044437938276 -6686.5564803903 
11.099 1080.61113301717 -6967.54812442972 285.92486121672 -6681.623263213 
11.199 1059.80974502962 -6964.71172247039 280.420907211685 -6684.2908152587 
11.299 1041.09417788244 -6974.1227437225 275.468852049892 -6698.6538916726 
11.399 1038.68410089654 -6980.16303994644 274.831156484243 -6705.33188346219 
11.499 1018.01023557826 -6980.90226572925 269.360944405791 -6711.54132132346 
11.599 1024.5217016889 -6990.35482813384 271.083849146558 -6719.27097898728 
11.699 1013.9079713994 -6991.07268664692 268.275503695272 -6722.79718295165 
11.799 993.922483815426 -6985.44233104905 262.987433279191 -6722.45489776986 
11.899 1008.41022719594 -6990.73686753421 266.820825226442 -6723.91604230777 
11.999 995.275738458624 -6998.89738376341 263.34549839089 -6735.55188537252 
12.099 953.37372232607 -6997.58908922464 252.258412776707 -6745.33067644794 
12.199 984.143568825258 -7001.70582222248 260.399976213478 -6741.305846009 
12.299 958.965094397947 -6994.13617499981 253.73786475977 -6740.39831024004 
12.399 955.071854438904 -7000.60283913639 252.707730920722 -6747.89510821567 
12.499 966.275527749472 -7011.4627435379 255.672172650559 -6755.79057088734 
12.599 933.404439374575 -7006.90060567384 246.974630033731 -6759.92597564011 
12.699 921.901636622197 -7007.1609365555 243.931039994645 -6763.22989656086 
12.799 907.178858022906 -7009.34025581471 240.035458782212 -6769.3047970325 
12.899 912.943351707323 -7015.05646815089 241.560717967817 -6773.49575018307 
12.999 886.321974512298 -7009.32109418651 234.516820910573 -6774.80427327593 
13.099 911.148710968113 -7019.26305321618 241.085864073929 -6778.17718914225 
13.199 876.51445016524 -7019.02261231872 231.921793937287 -6787.10081838143 
13.299 861.649105623443 -7019.34611290265 227.988490415617 -6791.35762248703 
13.399 879.03874707553 -7025.86850098448 232.58971158286 -6793.27878940162 
13.499 865.61356862867 -7030.08737160619 229.03746955338 -6801.04990205281 
13.599 855.158597923105 -7032.57964959937 226.271131176255 -6806.30851842312 
13.699 825.816793584011 -7026.5719784947 218.507421292868 -6808.06455720183 
13.799 817.605949125727 -7028.21264594405 216.33486865994 -6811.87777728411 
13.899 826.454609158362 -7036.95429269265 218.676184434396 -6818.27810825825 
13.999 809.062527566659 -7039.92066951467 214.07431761715 -6825.84635189752 
14.099 797.450870639119 -7038.09738944503 211.001925251329 -6827.0954641937 
14.199 815.767489258943 -7044.42519153685 215.848420421345 -6828.57677111551 
14.299 784.604233173047 -7043.18420856779 207.602762571659 -6835.58144599613 
14.399 758.148161696098 -7042.24884899936 200.602604666321 -6841.64624433303 
14.499 764.17205363543 -7044.75591040037 202.196499467247 -6842.55941093313 
14.599 772.159000330942 -7051.39008043308 204.309809755919 -6847.08027067716 
14.699 740.25430457914 -7049.92493727521 195.867970294646 -6854.05696698056 
14.799 742.513616096063 -7053.55085464278 196.465773993112 -6857.08508064966 
14.899 747.496287581091 -7058.38950286768 197.784166529813 -6860.60533633787 
14.999 741.142992751802 -7061.17080611403 196.103113200979 -6865.06769291306 
15.099 721.699121701804 -7060.18946120065 190.958352091621 -6869.23110910903 
15.199 725.010565817016 -7064.38197688517 191.834545358689 -6872.54743152648 
15.299 709.88496214434 -7064.92751959684 187.832378437778 -6877.09514115906 
15.399 694.092151671381 -7065.87697449362 183.653671588724 -6882.22330290489 
15.499 676.67366116223 -7066.11917947876 179.044817090319 -6887.07436238844 
15.599 694.322733096115 -7074.65327737909 183.71468239997 -6890.93859497912 
15.699 671.08194291136 -7074.25181458271 177.565273509846 -6896.68654107286 
15.799 667.5858038702 -7076.7538364503 176.640210793393 -6900.11362565691 
15.899 647.593905321369 -7075.87157723306 171.350444064752 -6904.52113316831 
15.999 653.660171382188 -7081.56257248444 172.955550868251 -6908.60702161619 
16.099 633.254336434188 -7080.51483935776 167.556258424144 -6912.95858093361 
16.199 632.28422415365 -7084.65076967128 167.299571063906 -6917.35119860737 
16.299 634.317416104721 -7089.58483068683 167.837544538984 -6921.74728614785 
16.399 611.216018559786 -7088.42007225713 161.725018316433 -6926.6950539407 
16.499 614.564563173455 -7093.58675954333 162.611028209065 -6930.97573133426 
16.599 590.395168014622 -7092.12616681898 156.215914605908 -6935.91025221307 
16.699 583.633430022022 -7094.9390696054 154.426789047188 -6940.51228055822 
16.799 582.723663768249 -7099.35020823163 154.18606897509 -6945.16413925654 
16.899 565.211732592269 -7098.62775798557 149.552490495153 -6949.07526749042 
16.999 554.862684932671 -7100.93880475372 146.814178881119 -6954.1246258726 
17.099 552.207902430127 -7104.00806099 146.111735332827 -6957.89632565718 
17.199 538.340064872605 -7105.32083459636 142.442367687187 -6962.87846690917 
17.299 540.113052948286 -7109.52253673164 142.911492383379 -6966.61104434826 
17.399 522.721002982812 -7110.17455875636 138.309633934292 -6971.86492482207 
17.499 516.915621958355 -7112.69716893986 136.773556141818 -6975.92361279804 
17.599 513.391430836132 -7115.92154389772 135.841070970479 -6980.08047292724 
17.699 508.741041504577 -7119.33739973546 134.610598801905 -6984.72680093355 
17.799 494.666000954777 -7119.77075483109 130.886406173438 -6988.88434865765 
17.899 484.993831176538 -7122.26604817112 128.327193412243 -6993.93885475888 
17.999 484.832066932025 -7126.0082124094 128.284391318364 -6997.72382109103 
18.099 460.896622888245 -7124.6261661946 121.951180131403 -7002.6749860632 
18.199 463.237761652519 -7129.5525597968 122.570634952672 -7006.98192484413 
18.299 445.675854826701 -7129.70800570529 117.923833139838 -7011.78417256545 
18.399 460.397906997527 -7137.27868126642 121.819222142555 -7015.45945912386 
18.499 429.246459099272 -7134.26621217552 113.576688686381 -7020.68952348914 
18.599 424.655606977443 -7137.36845979857 112.361969796584 -7025.00649000198 
18.699 418.13944496975 -7140.26771590461 110.637822542508 -7029.6298933621 
18.799 412.830077143595 -7143.51797315254 109.232987618586 -7034.28498553396 
18.899 405.209386902415 -7145.2725416263 107.216587145734 -7038.05595448056 
18.999 400.381031777897 -7148.45357218788 105.939026026196 -7042.51454616168 
19.099 392.287395052076 -7150.85940087824 103.797486033814 -7047.06191484442 
19.199 372.804579750038 -7150.62546647995 98.6424204499603 -7051.98304602999 
19.299 376.143806271312 -7155.45868333435 99.525964817119 -7055.93271851723 
19.399 357.470617913013 -7155.36435435972 94.5851228928712 -7060.77923146685 
19.499 350.958809364421 -7157.84274379596 92.862127544556 -7064.98061625141 
19.599 339.946840185255 -7159.42535991597 89.9484098684436 -7069.47695004753 
19.699 339.94204569041 -7163.7457570058 89.9471412666024 -7073.7986157392 
19.799 326.154967776913 -7164.59969650187 86.2991422607119 -7078.30055424115 
19.899 314.94558393683 -7166.17159430274 83.3331895503675 -7082.83840475237 
19.999 304.000739995441 -7167.73008568217 80.4372329112361 -7087.29285277093 
20.099 310.793049001753 -7171.54569585531 82.2344474231285 -7089.31124843219 
20.199 295.425708597669 -7170.52122348707 78.1683180468379 -7092.35290544023 
20.299 294.538426996941 -7170.92651890787 77.9335473131327 -7092.99297159474 
20.399 293.980803657707 -7170.89714355705 77.7860026775002 -7093.11114087955 
20.499 298.63684864174 -7170.40922034512 79.0179713063642 -7091.39124903876 
20.599 306.327598913655 -7169.65981148576 81.0529093492565 -7088.6069021365 
20.699 307.562345921257 -7169.4271565083 81.3796178718689 -7088.04753863643 
20.799 301.034338715451 -7171.81690958356 79.6523364314765 -7092.16457315209 
20.899 293.295375510787 -7170.57105673515 77.6046414627262 -7092.96641527242 
20.999 302.415637664719 -7172.58769185307 80.017821940834 -7092.56986991223 
21.099 296.106364137917 -7170.5296118743 78.3484164512828 -7092.18119542302 
21.199 304.679790405557 -7170.96099108853 80.6169066054443 -7090.34408448308 
21.299 309.58407378754 -7170.7827483864 81.9145580015072 -7088.8681903849 
21.399 298.135421880658 -7169.29188492123 78.8852960333707 -7090.40658888786 
21.499 302.669174103622 -7173.36241717662 80.084906545917 -7093.27751063071 
21.599 297.7010454663 -7173.24630567919 78.7703619815216 -7094.47594369767 
21.699 297.868446105237 -7172.15657725649 78.8146554400963 -7093.3419218164 
21.799 301.711703236666 -7170.61265979608 79.8315640470395 -7090.78109574904 
21.899 303.641525675272 -7170.54843134807 80.3421864125436 -7090.20624493553 
21.999 303.312251525956 -7171.32263953857 80.2550619488317 -7091.06757758974 
22.099 301.922951555894 -7172.59893585117 79.8874594052421 -7092.71147644593 
22.199 304.051296444941 -7174.55966473287 80.45060992112 -7094.10905481175 
22.299 292.525072641489 -7171.97754487279 77.4008227769202 -7094.57672209587 
22.399 298.572383896853 -7170.92374527157 79.0009142238745 -7091.9228310477 
22.499 304.509678485665 -7169.91045267376 80.571895754084 -7089.33855691968 
22.599 302.709410378325 -7170.28716775597 80.0955528838169 -7090.19161487215 
22.699 302.059232720685 -7172.29899034134 79.9235187904719 -7092.37547155087 
22.799 301.027518386167 -7174.47342687511 79.6505318029247 -7094.82289507218 
22.899 295.259567515326 -7172.5400833189 78.1243578612911 -7094.41572545761 
22.999 300.381009443351 -7172.13961374559 79.4794684350749 -7092.66014531051 
23.099 305.60352775804 -7171.96196050302 80.8613233676258 -7091.10063713539 
23.199 301.593732161112 -7170.79714711772 79.8003494293342 -7090.99679768839 
23.299 296.34740617169 -7170.53633551757 78.412195092783 -7092.12414042478 
23.399 294.855599367131 -7174.09503805941 78.0174697003426 -7096.07756835907 
23.499 288.196886157765 -7172.30955913205 76.2556040373875 -7096.05395509466 
23.599 298.657181387207 -7171.84643537376 79.0233512596591 -7092.8230841141 
23.699 297.289055266044 -7170.46864478146 78.6613512215621 -7091.8072935599 
23.799 295.56921260324 -7169.95514858739 78.206288563357 -7091.74886002403 
23.899 301.648477402004 -7171.38582484962 79.8148347746411 -7091.57099007498 
23.999 299.576733442773 -7171.51347177556 79.26666061104 -7092.24681116452 
24.099 305.613237594459 -7174.32295205601 80.8638925468114 -7093.45905950919 
24.199 291.256689239857 -7171.71146020776 77.0652142152459 -7094.64624599252 
24.299 294.438889544627 -7171.32477671542 77.9072101494953 -7093.41756656592 
24.399 294.598329474791 -7168.63732111374 77.949397240218 -7090.68792387352 
24.499 307.197606656783 -7170.41659750045 81.2831094976825 -7089.13348800277 
24.599 301.466001116164 -7169.80569107179 79.7665523674827 -7090.0391387043 
24.699 300.3084728442 -7171.42538545114 79.4602755761344 -7091.965109875 
24.799 300.039425496579 -7171.54842744043 79.3890868541431 -7092.15934058628 
24.899 303.427220532808 -7172.05539410286 80.2854822326173 -7091.76991187025 
24.999 299.33578228268 -7170.9039657007 79.202906014308 -7091.70105968639 
25.099 295.746755121346 -7170.99827701998 78.2532655176917 -7092.74501150229 
25.199 295.625272612676 -7172.22183951066 78.2211217905262 -7094.00071772013 
25.299 296.268156481043 -7172.96022326611 78.3912259799288 -7094.56899728618 
25.399 290.090593289993 -7170.16633061878 76.7566704547357 -7093.40966016404 
25.499 295.19161646724 -7168.40007977027 78.1063783186047 -7090.29370145167 
25.599 308.352410848581 -7171.34335223775 81.5886655096315 -7089.75468672812 
25.699 304.308758617168 -7171.7848591718 80.5187332576407 -7091.26612591416 
25.799 300.750840957005 -7174.01884875837 79.5773241955645 -7094.44152456281 
25.899 298.844723121076 -7173.57696456021 79.0729739616568 -7094.50399059855 
25.999 297.038656059095 -7171.799109586 78.5950967139894 -7093.20401287201 
26.099 304.562622377696 -7172.03572722448 80.5859044705581 -7091.44982275392 
26.199 300.237195928375 -7169.72337494125 79.4414160237549 -7090.2819589175 
26.299 305.515580735038 -7171.33125372218 80.8380529796221 -7090.49320074256 
26.399 298.095557338062 -7173.1312038929 78.8747480541201 -7094.25645583878 
26.499 294.194166832131 -7172.44603102368 77.8424576169061 -7094.60357340677 
26.599 299.659225797188 -7172.01636124771 79.2884877181898 -7092.72787352952 
26.699 296.362824601422 -7169.05046801711 78.4162747401664 -7090.63419327695 
26.799 302.072017691529 -7169.20585652267 79.9269016364399 -7089.27895488623 
26.899 303.832857351315 -7170.29548178997 80.3928119162494 -7089.90266987372 
26.999 289.004315476796 -7169.7293935433 76.4692462153482 -7093.26014732795 
27.099 288.113263668621 -7170.16556755855 76.2334779016552 -7093.93208965689 
27.199 304.377631838486 -7173.22677761599 80.53695680323 -7092.68982081275 
27.299 300.872589181211 -7170.83850987865 79.6095382298696 -7091.22897164878 
27.399 307.144637573455 -7170.27559189372 81.2690941157042 -7089.00649777801 
27.499 303.223772493978 -7169.02606249728 80.231650793638 -7088.79441170364 
27.599 299.780874701781 -7172.21609813227 79.3206754729706 -7092.8954226593 
27.699 295.445374088547 -7172.02685180202 78.1735214475601 -7093.85333035446 
27.799 309.580410152529 -7174.57334085675 81.913588620108 -7092.65975223664 
27.899 294.792823863961 -7168.99715700387 78.0008595836381 -7090.99629742023 
27.999 315.243884124972 -7171.48875784236 83.412118442815 -7088.07663939955 
28.099 301.463622296815 -7169.48637309475 79.7659229425476 -7089.72045015221 
28.199 298.338589369216 -7172.44870516171 78.9390532400057 -7093.5096519217 
28.299 295.508426198995 -7171.62664391442 78.1902047533104 -7093.43643916111 
28.399 298.135051108976 -7170.84344021707 78.885197928846 -7091.95824228822 
28.499 309.746083882136 -7171.8794891306 81.9574251462161 -7089.92206398439 
28.599 306.68782909025 -7171.26768135036 81.1482246390051 -7090.11945671135 
28.699 295.817671089627 -7172.23182099711 78.2720295649696 -7093.95979143214 
28.799 294.228162231162 -7173.12698543048 77.8514526470819 -7095.2755327834 
28.899 295.295431588521 -7171.45016442325 78.1338473342733 -7093.31631708898 
28.999 304.510355660052 -7172.02051384883 80.572074931391 -7091.44843891744 
29.099 310.423437679134 -7173.5952236451 82.1366499241994 -7091.4585737209 
29.199 301.75718030841 -7172.15102136142 79.843597076341 -7092.30742428508 
29.299 300.966774650462 -7172.94370265636 79.6344592827826 -7093.30924337358 
29.399 294.494463966424 -7173.41324196623 77.9219148923523 -7095.49132707388 
29.499 294.879387065475 -7173.39408800707 78.0237638186798 -7095.37032418839 
29.599 295.178628797014 -7170.36204534786 78.1029418392888 -7092.25910350857 
29.699 309.655766609124 -7172.36464178145 81.9335276006863 -7090.43111418076 
29.799 295.338218531158 -7169.7271569591 78.1451685674733 -7091.58198839163 
29.899 298.995054266474 -7171.97374311704 79.1127509087667 -7092.86099220827 
29.999 296.59149720336 -7173.70144523136 78.4767804854576 -7095.2246647459 
30.099 293.423002222103 -7175.34699125842 77.6384109183663 -7097.70858034005 
30.199 291.290146313447 -7172.050481306 77.0740668069234 -7094.97641449907 
30.299 303.905982801907 -7172.46318752547 80.4121605826412 -7092.05102694283 
30.399 299.313388313852 -7170.45700173001 79.1969806705525 -7091.26002105946 
30.499 304.374817848231 -7171.2844563798 80.5362122340243 -7090.74824414578 
30.599 296.470220122669 -7170.66668486274 78.4446911136144 -7092.22199374912 
30.699 294.422581833591 -7172.67018254525 77.9028952022658 -7094.76728734299 
30.799 297.028375299726 -7173.67120163379 78.5923764711509 -7095.07882516264 
30.899 300.444295578197 -7170.88588917867 79.4962136626317 -7091.38967551604 
30.999 301.411647117453 -7170.22496294169 79.7521705431029 -7090.47279239859 
31.099 302.822346055086 -7171.73384967952 80.1254351575763 -7091.60841452195 
31.199 297.590492929916 -7172.07486012725 78.7411102760216 -7093.33374985123 
31.299 292.820711926533 -7172.10639103201 77.4790476063373 -7094.62734342567 
31.399 299.562866795917 -7171.48212675682 79.2629915584487 -7092.21913519838 
31.499 314.365395899848 -7172.41894845876 83.1796743968725 -7089.23927406189 
31.599 305.053542580511 -7171.16935683797 80.715799755337 -7090.45355708263 
31.699 298.095283347199 -7171.47726477567 78.8746755573661 -7092.6025892183 
31.799 295.424731848636 -7171.65751472306 78.1680596034227 -7093.48945511964 
31.899 298.370408385313 -7172.2823118539 78.9474724090145 -7093.33483944489 
31.999 303.650678902227 -7172.75990848446 80.3446083153603 -7092.4153001691 
32.099 303.069881585872 -7172.32757466772 80.1909319492746 -7092.13664271844 
32.199 301.363719320208 -7171.49605949154 79.7394890628209 -7091.75657042872 
32.299 302.156860953605 -7171.91046456805 79.9493507832172 -7091.96111378483 
32.399 301.624711494147 -7172.78049532296 79.8085464219692 -7092.97194890099 
32.499 295.97908570237 -7172.28237882642 78.3147391478498 -7093.96763967858 
32.599 291.18443351742 -7171.70898266065 77.0460956750248 -7094.66288698563 
32.699 299.868069587551 -7171.71164066843 79.3437468488346 -7092.3678938196 
32.799 304.456274096097 -7170.35589755093 80.557765192026 -7089.79813235891 
32.899 310.368385253809 -7172.09996994159 82.1220832992686 -7089.97788664232 
32.999 294.255431560247 -7169.47722854648 77.8586679893044 -7091.61856055717 
33.099 300.627582797834 -7173.61359773914 79.544710639237 -7094.0688870999 
33.199 288.731764683716 -7173.72164534389 76.3971304973949 -7097.32451484649 
33.299 293.321784250828 -7173.31878075677 77.6116290969458 -7095.70715165983 
33.399 295.176808080153 -7170.83945187658 78.10246008577 -7092.73699179081 
33.499 303.409328854755 -7171.09855473544 80.2807481748161 -7090.81780656062 
33.599 302.801918635446 -7170.52719460288 80.1200301539193 -7090.40716444896 
33.699 306.03372448044 -7172.6424174554 80.9751514917212 -7091.66726596368 
33.799 296.925908050456 -7173.27510690965 78.5652640963736 -7094.70984281328 
33.899 287.23410747791 -7170.70478172752 76.0008571150129 -7094.70392461251 
33.999 297.961269797906 -7171.03868889129 78.8392161730305 -7092.19947271826 
34.099 301.231304037006 -7170.84990254965 79.704452572528 -7091.14544997712 
34.199 302.864424387389 -7171.23592015022 80.1365688956588 -7091.09935125456 
34.299 298.893843406813 -7171.68017493307 79.0859709690473 -7092.59420396402 
34.399 297.764184194958 -7172.02476777733 78.7870682060617 -7093.23769957127 
34.499 293.889859352769 -7171.61105702622 77.7619392221335 -7093.84911780408 
34.599 297.830226142411 -7171.94311322417 78.8045426092794 -7093.13857061489 
34.699 295.384093971502 -7169.4740920394 78.1573070033201 -7091.31678503608 
34.799 308.289829422904 -7171.26070576171 81.5721067449615 -7089.68859901675 
34.899 301.397803600195 -7170.19654680602 79.7485076104996 -7090.44803919552 
34.999 295.837958650315 -7172.35320433476 78.2773975625746 -7094.07580677219 
35.099 288.965926344785 -7171.84288607488 76.4590886231235 -7095.38379745176 
35.199 298.46226874072 -7172.66924564627 78.9717782472283 -7093.69746739904 
35.299 297.388559348203 -7170.25229256115 78.687679555606 -7091.56461300555 
35.399 299.533543148121 -7170.1816935686 79.2552326527051 -7090.9264609159 
35.499 306.206660764622 -7172.38619229422 81.0209096572105 -7091.36528263701 
35.599 291.832771857072 -7169.61412721741 77.2176430930758 -7092.39648412434 
35.699 292.67686899441 -7170.83815254671 77.4409874113719 -7093.39716513533 
35.799 290.431034151141 -7173.32160798184 76.8467495803361 -7096.4748584015 
35.899 292.251350769034 -7174.11692056304 77.3283971966144 -7096.78852336643 
35.999 298.388488348037 -7172.29930141207 78.9522562860954 -7093.34704512597 
36.099 293.685684401051 -7169.27439069813 77.707915445263 -7091.56647525287 
36.199 303.790106011148 -7171.46148313696 80.3815001033034 -7091.07998303365 
36.299 300.772985869907 -7172.11909157773 79.5831836402387 -7092.53590793749 
36.399 296.863867069068 -7173.55573075846 78.5488483308396 -7095.00688242762 
36.499 287.752646669062 -7172.9324619539 76.1380602602846 -7096.79440169362 
36.599 295.507152150531 -7172.33135907069 78.1898676457985 -7094.14149142489 
36.699 298.427322596712 -7170.02021274895 78.9625316541937 -7091.05768109476 
36.799 295.491041074383 -7169.08528345287 78.1856047272788 -7090.8996787256 
36.899 305.67244596033 -7172.46616994933 80.8795588149788 -7091.58661113435 
36.999 295.52757730531 -7171.86822474654 78.1952720501834 -7093.67295269636 
37.099 293.099290569126 -7173.0248170787 77.5527582662477 -7095.47205881246 
37.199 292.909614302701 -7172.10382138414 77.5025707765056 -7094.60125060763 
37.299 297.513103705519 -7169.05758713688 78.7206334341965 -7090.33695370268 
37.399 305.015426515795 -7170.73975838885 80.7057144154943 -7090.03404397335 
37.499 296.103346396775 -7170.40989006205 78.3476179705057 -7092.06227209154 
37.599 300.208201943 -7173.48931443254 79.43374434521 -7094.05557008733 
37.699 294.537270389494 -7172.08106138728 77.9332412799876 -7094.14782010729 
37.799 308.064518979188 -7172.23741980753 81.5124906116628 -7090.72492919586 
37.899 312.735435823206 -7171.09423167773 82.7483942680054 -7088.34583740973 
37.999 307.148414821789 -7170.90754829961 81.2700935586792 -7089.63745474093 
38.099 293.182856648313 -7169.91483986186 77.5748694761585 -7092.3399703857 
38.199 302.055185928876 -7173.13410103508 79.9224480275018 -7093.21165300757 
38.299 288.584199450928 -7170.38589067411 76.3580853983614 -7094.02780527575 
38.399 306.215167664878 -7172.71140615635 81.0231605448804 -7091.68824561147 
38.499 305.460183675291 -7168.91301477567 80.8233951659684 -7088.0896196097 
38.599 304.884817236706 -7169.65890740923 80.6711557857931 -7088.98775162343 
38.699 301.406436216485 -7171.36623242982 79.7507917620681 -7091.61544066775 
38.799 292.548950400253 -7170.27296891042 77.4071407248408 -7092.86582818558 
38.899 302.051765096819 -7172.61863439548 79.9215428906758 -7092.69709150481 
38.999 297.972030218722 -7171.06339677948 78.8420633321375 -7092.22133344734 
39.099 305.821897566038 -7170.68526307911 80.9191030398299 -7089.76616003928 
39.199 305.28765780458 -7169.34992368743 80.7777455940439 -7088.57217809339 
39.299 302.35056927549 -7170.86401934441 80.0006051367578 -7090.86341420765 
39.399 294.684973709744 -7171.58313457565 77.9723229163445 -7093.6108116593 
39.499 301.280131033845 -7173.27208051166 79.7173719769913 -7093.55470853467 
39.599 306.166343057478 -7172.97753931877 81.0102417726521 -7091.96729754612 
39.699 309.74960865702 -7172.23145078055 81.9583577858481 -7090.2730929947 
39.799 305.575075658191 -7168.31295101548 80.8537950695617 -7087.45915594591 
39.899 312.360668591515 -7168.21091189968 82.6492325386509 -7085.56167936103 
39.999 307.655141301563 -7170.88379124212 81.4041711134788 -7089.47962012864 
